 -103
  -31
   51
 -124
   46
  118
  -24
   61
   30
 -106
   26
   90
  -79
  -46
  -33
   41
    9
   70
   10
 -126
  -38
  -61
  127
  -22
   91
  105
    8
 -115
 -124
   91
  115
   64
   33
 -105
   65
   -3
  -58
  119
  -44
  -37
   56
   41
  125
   14
 -106
  -34
   14
   59
   61
  -30
  -86
  100
  -49
  -11
    8
   59
   23
    2
  -95
   74
   28
   85
   33
   21
    9
   59
   90
 -119
  -16
   40
   47
  -38
 -123
   99
  -18
  -11
   50
  109
  -11
   98
   46
   -2
   14
   26
  -95
  -14
   59
   23
   71
   14
   -3
  -16
   -6
  -75
  -92
 -101
   88
  -82
   -7
  107
  -93
   71
  -21
  -56
   70
   65
 -122
 -126
   16
  114
   69
  -96
  -78
 -102
   23
  126
 -109
   32
   99
   49
   63
  -43
  -29
  113
  -39
  -35
  -50
 -115
 -120
  124
   91
   96
   -2
  -34
   12
  -54
  -76
  105
  -40
   47
   61
 -107
  -34
   40
   26
 -115
  -20
  114
  -28
 -125
